sample_ID	timepoint	block	pond	treatment	population	L-Alanine	L-Arginine	L-Asparagine	L-Aspartic Acid	L-Glutamic acid	L-Glutamine	L-Isoleucine_1	L-Leucine_2	L-Phenylalanine	L-Proline	L-Serine	L-Threonine	L-Tryptophane	L-Valine	Ornithine	Chlorogenic_acid	putative Chlorogenic acid Isomer	Cyanidine 3 Glc	Luteoline 8-C-Glc	Apigenine 8-C-Glc	Luteoline 7-O-Glc	Apigenine 7-O-Glc	Glycine	L-Histidine	L-Methionine	L-Tyrosine	Tyramine	Tryptamine	Shikimic acid	Apigenine	Luteoline	Cyanidin-Mal-Glc
1	w08	1	4A	herbivory	mix	2.213621099	0.660041944	0.934693032	2.383351586	3.572096717	0.646047592	0.546360377	1.285760462	0.680923102	0.876617256	1.528196773	1.41523345	0.222276741	1.139014897	0.234466139	0.786150774	0.352980481	8.493790376	20.43332532	10.16816173	26.0203454	3.427736416	1.00502874	0.190549995	0.04853874	0.506659118	0.00251682	0.001880288	1.298731425	0.921799856	12.83596674	3.660563272
2	w08	1	4B	control	mix	6.329104785	1.365139448	0.382890164	2.743718643	5.621825108	1.710785636	1.066458986	2.230603964	1.145857039	3.060753797	1.958000765	2.63400383	0.358736525	2.072608113	0.338184852	0.551053838	0.201058579	4.250195926	13.2446821	5.557385638	12.23951654	0.930559286	1.925482964	0.349185613	0.213695919	0.792855331	0.00225949	0.002465181	0.826268967	0.516202488	13.52520735	1.583503745
3	w08	1	4C	control	mix	2.252121862	1.88457262	4.259311194	3.834135691	4.559221988	0.853489877	0.691656975	0.950291644	0.638748289	0.713832335	2.286700622	1.894862503	0.402610222	1.396208321	0.910574683	1.402137768	0.599120547	26.36522028	20.86065873	8.040035139	33.92765952	4.109080664	0.93111183	0.230448069	0.033526325	0.168309219	0.002947979	0.00504975	1.913472775	0.127216743	2.336346969	11.27414003
4	w08	1	4D	herbivory	mix	2.949220815	1.418089972	2.316056683	3.002598853	3.993151937	0.78744637	0.691058927	1.273140127	0.59954892	0.960603152	2.037751283	1.827269299	0.272622141	1.302715373	0.656378811	0.370950167	0.154441018	5.18734804	13.25712828	7.731547897	15.57329702	1.549350465	0.832362501	0.175842795	0.026011216	0.188941422	0.001165674	0.002158771	1.367794811	0.637183555	9.797237513	1.909357937
5	w08	2	5A	herbivory	mix	2.486549379	1.698408843	1.333174908	2.542169222	3.390805953	1.49151834	0.605412966	1.534556372	0.729226774	0.978789651	1.842760852	1.653044796	0.261312185	1.26591477	0.568330885	0.848316432	0.521843341	10.23059819	18.31313395	10.60925515	19.40374377	2.134325087	0.969129117	0.235314397	0.092409225	0.425392239	0.015824718	0.004810063	2.249377398	0.625114422	9.315850025	7.680473287
6	w08	2	5B	control	mix	1.09239118	4.224968965	14.52814327	7.645938134	7.929780187	2.153617575	1.384670861	0.980735551	0.683287039	0.257090325	3.308827101	2.64187103	0.717500914	1.950132014	1.650080721	1.432826174	0.837976126	29.24367197	14.75659715	4.713707878	24.7865903	2.370284484	0.291482283	0.463942749	0.034620761	0.320787422	0.068034619	0.003066176	0.980386837	0.003906515	0.15693859	14.17268265
7	w08	2	5C	control	mix	1.287338184	0.498758944	0.387501243	0.954834536	1.311205035	0.179125263	0.27475016	0.459476002	0.269726338	0.390520447	0.759688758	0.629310673	0.086447777	0.51595231	0.229521115	0.182071561	0.064985509	0.981678672	9.380688984	5.623477044	7.646176154	0.755668209	0.557329825	0.12547405	0.037701601	0.135801145	0.002770261	0.002497148	0.359905381	0.661938758	10.84910178	0.747931696
8	w08	2	5D	herbivory	mix	4.67986443	1.146244276	4.815525143	4.242882874	3.450089194	0.930071729	1.32267577	2.037200248	0.911736832	1.851739263	1.231834296	1.507314882	0.301944202	2.438203441	0.80293016	0.054018145	0.023510211	0.528577925	6.09627183	5.60089299	6.577391383	0.95737249	1.508098216	0.306178908	0.109343644	0.215505791	0.004091289	0.004909089	0.949636302	0.700101866	6.027271013	0.474059101
9	w08	3	7A	control	mix	2.152867444	0.949477355	1.033383625	1.853313972	2.656305735	0.599516566	0.450771893	0.98730759	0.498086609	0.709215208	1.744350664	1.312829977	0.15294993	0.966200813	0.41907822	0.271007112	0.121393573	2.051270096	8.119829442	4.031112807	9.990315877	0.894185838	1.656958364	0.33495364	0.075006826	0.32253641	0.00110381	0.002244578	0.657353406	0.366379863	5.670450497	1.515540258
10	w08	3	7B	herbivory	mix	0.67320029	1.095366503	9.355352042	3.085626009	3.232821726	1.091920984	0.401913195	0.290857832	0.314405436	0.189051662	1.652311386	0.9931246	0.311142723	0.757122483	0.770010622	2.018454771	0.912720298	40.1155041	20.27986319	8.38683699	29.54948692	3.43596459	0.346972917	0.154650915	0.026016371	0.157474527	0.024855674	0.003405992	1.687580785	0.004228637	0.161133353	21.5733189
11	w08	3	7C	herbivory	mix	2.992266385	3.715512539	3.390575295	3.481897241	3.977846952	1.478181282	0.803657099	1.596550326	0.753218569	1.070840859	2.168304631	1.804467352	0.319895391	1.521167269	1.380507461	0.590225254	0.335300593	5.428614655	13.48799944	5.015110681	19.98914686	2.218363165	1.075138882	0.274800862	0.105840087	0.350584689	0.001653713	0.001591843	1.358138746	0.30495042	4.190055784	4.642129868
12	w08	3	7D	control	mix	0.81004814	1.778402035	11.88615996	5.009659946	5.562692668	1.151026847	1.030087049	0.38497237	0.410724363	0.176420782	1.086921112	1.665692771	0.732073532	1.564009263	0.562047784	1.559077711	0.773368144	35.04946911	17.84956484	5.433005589	27.75287466	2.748379209	0.378575922	0.340923624	0.018537166	0.1732105	0.087238116	0.014726443	1.465846955	0.008695036	0.199332133	18.76066602
13	w08	4	8B	control	mix	0.700129666	2.133219612	13.55203179	3.508771221	4.154628414	0.946522456	0.665504347	0.308737622	0.38101225	0.119231025	0.926813709	1.524402454	0.584476812	0.972017141	0.789733067	2.425854162	0.932334969	48.09256272	20.88021079	9.591796192	30.40296086	3.563575176	0.356530573	0.280220147	0.032489363	0.118357057	0.030752847	0.003236607	1.031810202	0.002446449	0.071429913	17.15741616
14	w08	4	8D	herbivory	mix	3.506145342	3.428922433	6.700357081	4.346479556	3.612857646	2.108473601	0.89093752	2.053329669	0.955516559	1.289884883	2.715902685	2.115161522	0.245889432	1.80281782	1.552589168	0.280429579	0.120744319	3.141342583	10.99801401	7.850954128	11.34929288	1.2086158	1.469064714	0.366592472	0.174300882	0.546253402	0.003787395	0.00404552	1.12568955	0.406981173	5.978961661	2.22144301
15	w11	1	4A	herbivory	mix	1.425076587	1.072255738	8.474036227	5.27871927	8.009248594	2.169381767	0.653163955	0.315925496	0.406997361	0.204108444	1.705211209	1.461646753	0.602319654	1.410791408	0.532666569	2.597577762	1.24391669	62.81992011	30.11235098	9.963839956	49.00614716	6.018929415	0.494456432	0.284979987	0.03298359	0.24668375	0.123874749	0.019946955	2.233525825	0.007875882	0.223737514	29.50207217
16	w11	1	4B	control	mix	1.598381334	0.473233513	1.763691929	3.687483405	5.671388401	0.905216151	0.339563283	0.31701414	0.326554873	0.281224081	2.592350249	1.267631312	0.29961391	0.777590656	0.741423811	2.32901077	0.873264471	53.69696848	25.41405306	8.66592177	40.86988881	4.173414626	1.199674594	0.317951103	0.040657214	0.265433935	0.026433881	0.002878967	2.427123227	0.002055883	0.084902855	20.37748394
17	w11	1	4C	control	mix	0.626384605	2.780353844	5.123350353	2.954689705	4.912655809	0.708748294	0.377607974	0.202219602	0.341773074	0.152041897	1.258623595	1.016284648	0.349442218	0.734154474	0.78979506	2.32296607	0.771581713	44.23963864	19.12707433	7.186005987	30.64568623	3.082098103	0.25393095	0.247058654	0.016296083	0.135801595	0.028251086	0.003032142	1.225031292	0.001284554	0.046094518	20.80737137
18	w11	1	4D	herbivory	mix	0.897462538	2.975960075	10.56345323	5.031530357	5.910757907	1.445338005	0.523276813	0.242587256	0.30026807	0.162127025	1.291386233	1.394500768	0.467115289	0.871152165	1.285785493	2.481173233	0.963853096	63.74133453	25.72461386	7.756009505	40.46275157	3.765123967	0.281101324	0.270308606	0.018815	0.115065028	0.037848899	0.003605281	1.735202667	0.001600179	0.072169873	22.2333625
19	w11	2	5A	herbivory	mix	0.602562066	0.268699759	0.534027834	2.808221018	3.577825693	0.618004563	0.17095441	0.119201029	0.212407306	0.126361708	0.922587371	0.654075046	0.171144247	0.418455146	0.13782627	1.684687113	0.73557333	51.40710586	20.31297538	8.79443298	28.27125327	3.088704341	0.26988996	0.135440093	0.014238129	0.081716702	0.007651138	0.001607509	3.322642989	0.001977433	0.060391432	30.55220735
20	w11	2	5B	control	mix	0.827432325	5.345414533	18.95055612	4.656213166	5.292012385	1.534674961	1.270017818	0.637268603	1.062601794	0.147517694	1.477679484	1.538983007	0.656837845	1.709781453	1.680407418	1.816031556	0.679203142	36.32474339	16.63372305	5.683164469	27.23392116	2.639118605	0.262607634	0.590743102	0.016468231	0.206791423	0.039247096	0.003102474	0.951831066	0.001523922	0.041797059	20.24525463
21	w11	2	5C	control	mix	0.886526167	1.33098074	1.857169625	3.671142527	5.571001766	1.502739906	0.249531526	0.178551584	0.24252695	0.209616851	1.04025097	1.713996857	0.275280284	0.695322247	0.406507864	1.835635054	0.693625596	55.20949415	22.86837444	8.335308016	36.82578519	3.888096836	0.576388898	0.177691956	0.027984749	0.162398889	0.020674183	0.002655821	1.857735361	0.001520306	0.053052179	25.44855463
22	w11	2	5D	herbivory	mix	0.149509596	0.023429838	0.097450937	0.119384105	0.063173698	0.015482182	0.02503925	0.030505331	0.018282976	0.038677321	0.385559543	0.123312004	0.01466089	0.049293878	0.093756178	0.027240413	0.005394789	0.507402434	0.218238702	0.048443351	0.607314313	0.033071799	0.098127724	0.012204924	0.0010728	0.009386125	0.000146691	NA	NA	0.000394851	0.01357275	NA
23	w11	3	7A	control	mix	1.816524914	2.712236096	141.3702451	14.86294879	14.192818	12.09818632	1.439652882	1.256912865	0.767494975	0.466044947	2.956592455	3.017672664	0.922021722	2.727560551	4.809492502	3.242407882	1.641809483	65.40498008	34.75252681	13.87366075	50.57813115	5.940361054	0.644603457	0.616444223	0.039685038	0.474240247	0.333528365	0.02305402	2.901219931	0.006205825	0.139838789	21.64080237
24	w11	3	7B	herbivory	mix	0.99342543	0.627275509	6.109751557	4.551996135	5.136331772	0.856755948	0.342745637	0.35985672	0.436756692	0.369600952	1.808688836	1.221627152	0.263874241	0.69260769	0.625173354	1.956288743	0.782623141	43.52024457	19.97828711	8.305030004	28.62649827	3.537510679	1.014047749	0.200865469	0.019286642	0.349508498	0.041828961	0.005913333	1.8476361	0.001891022	0.060013762	29.34820056
25	w11	3	7C	herbivory	mix	0.659630663	2.45404729	3.210947345	4.668667328	6.753325599	1.064114655	0.313325853	0.253501817	0.382911559	0.208010678	1.325864777	1.009224	0.305858144	0.719133281	0.747876623	2.152299772	0.854203575	48.31326486	21.01496315	7.370870665	32.95285832	4.001605782	0.421059754	0.262604304	0.021889009	0.209513157	0.026225295	0.003582215	2.101331937	0.002672585	0.072164818	29.66961809
26	w11	3	7D	control	mix	0.577427063	1.242986199	10.41710818	3.021800972	3.950535204	1.025091572	0.606203695	0.24510356	0.323477314	0.175215821	1.076513988	1.311342187	0.538522041	0.88680167	0.716655928	1.189885853	0.473844872	28.56300763	12.94148498	4.815554544	19.85486782	1.809899264	0.250507699	0.271388204	0.016899943	0.134826773	0.044713701	0.00787014	0.872153653	0.000766959	0.026758263	17.55104223
27	w11	4	8B	control	mix	0.634497626	0.346362438	9.209117779	2.793797469	4.075447084	0.926283586	0.332310975	0.141368453	0.218055025	0.11736285	1.160043668	1.235786033	0.407505856	0.501024114	0.468425441	1.644243521	0.704401768	52.36296339	19.69668374	9.883454579	29.74679122	3.337736047	0.290094668	0.142756069	0.020271059	0.098106291	0.018733913	0.002149648	1.196964089	0.001306915	0.036518607	27.9435263
28	w11	4	8D	herbivory	mix	1.326212235	1.066485855	4.320915361	6.815455476	10.5747833	1.966301317	0.707770957	0.46876211	0.486699764	0.302109562	1.991164107	2.018047526	0.806664438	1.157481965	0.316051351	2.402082164	1.749235675	115.7316729	38.39934042	17.47201245	47.06872768	4.62201485	0.610840615	0.355661527	0.048008181	0.39554634	0.092950892	0.010797739	5.285153533	0.001275899	0.055897153	33.39333236
29	w13	1	4A	herbivory	mix	1.577576581	5.727147406	119.6872639	9.360011125	7.28988946	7.640403114	0.706785592	0.36683837	0.485820209	0.201254677	2.159320421	2.452002228	0.804527248	1.628549188	4.143302157	2.167110553	0.967606645	59.43193155	24.37138524	9.002942693	42.13575006	5.363638117	0.444737633	0.308100767	0.051997383	0.210940363	0.321904122	0.038869651	1.827419665	0.00162807	0.033814432	28.2786254
30	w13	1	4B	control	mix	1.229306413	0.39467897	3.355849349	4.593504824	8.343025996	1.307556424	0.296589995	0.157036911	0.237952902	0.175056176	1.066959208	1.112070802	0.32789993	0.678719317	0.251839576	2.615277175	0.918410698	64.26350374	27.26132399	9.410394497	43.11298839	4.332700826	0.426009891	0.159103659	0.029852368	0.114141565	0.037612636	0.003104939	3.003287082	0.00124661	0.039456183	24.01563784
31	w13	1	4C	control	mix	0.749477505	1.314684698	7.117933478	3.696822409	5.160608806	0.854425328	0.38370986	0.15927432	0.344910173	0.121610574	0.910451117	1.018235095	0.359835555	0.706463046	0.531165086	2.558965034	0.780535637	44.42886185	20.66883417	7.614348246	32.01699047	3.240320367	1.225431644	0.196359045	0.020131705	0.087315691	0.029522039	0.002855455	1.122376581	0.001610445	0.029762178	16.63120016
32	w13	1	4D	herbivory	mix	0.857164007	1.054749565	4.933365389	5.574233657	5.326564996	1.248242065	0.372481571	0.172671095	0.207012063	0.150681504	1.427456131	1.071030745	0.31559694	0.633868107	0.467697618	2.05030364	0.780234988	48.21952599	20.48810185	6.419017602	30.73782112	2.820295758	0.271928758	0.124389313	0.026725491	0.096218203	0.026690639	0.004532347	2.58180954	0.000625672	0.02852191	19.29403352
33	w13	2	5A	herbivory	mix	1.175444816	0.492239728	0.360859387	2.681902633	4.251279878	0.603327826	0.273158209	0.244363269	0.214716811	0.200455907	1.36119073	0.906504186	0.247487101	0.547954838	0.341810309	0.848304377	0.341676323	25.10563539	16.75124858	7.864410182	25.64316454	2.90629629	0.687034596	0.211124736	0.060891043	0.178476309	0.005155652	0.002011308	2.427720546	0.014479864	0.306461713	16.45534175
34	w13	2	5B	control	mix	1.311479573	6.493141009	26.16409529	6.23378445	6.689820921	2.835839926	1.645464412	0.84561485	1.58124257	0.167752664	1.945432832	2.293127822	0.933519354	2.222958975	2.635925532	2.106651224	0.692928312	31.35796285	16.50401784	5.309096589	27.83704238	2.638166963	0.522639141	0.898361569	0.036240031	0.268041697	0.06864158	0.002612218	0.916370991	0.000994224	0.029980261	17.48809409
35	w13	2	5C	control	mix	1.654208587	0.80698839	4.624089754	4.416604517	6.861099224	1.696617889	0.462337747	0.350149868	0.245176241	0.278981099	2.239910771	2.389328066	0.410216495	0.965948349	0.712842202	2.094542845	0.920635734	58.90240346	24.06204057	9.679832524	36.02322899	3.995620352	0.997120714	0.426623702	0.06666162	0.271220324	0.027809961	0.003507316	2.005338902	0.001026707	0.03388189	29.34000114
36	w13	2	5D	herbivory	mix	1.09230385	0.306261199	3.470996461	3.598428743	5.545754143	1.222283262	0.317371137	0.20861342	0.210758697	0.151998111	1.206292383	0.917039993	0.349873334	0.623946284	0.305971624	1.433806443	0.990461386	53.10393431	19.78856921	7.808243563	26.26076788	2.736989642	0.361357492	0.199541312	0.0423741	0.139373415	0.038717337	0.003832722	2.875921999	0.000779549	0.020249887	36.59441632
37	w13	3	7A	control	mix	1.848228969	0.904508459	39.17905228	8.229442816	7.078895734	2.666184141	1.111616316	0.710883473	0.455123354	0.231797497	1.57880576	2.05850609	0.866168079	1.947583072	1.22083231	1.210784779	0.670565533	39.11081676	20.6627729	11.14850148	30.85258176	3.932088701	0.754084789	0.308439628	0.071020386	0.190208859	0.043263882	0.009552648	1.875062892	0.030401237	0.318762546	22.51295054
38	w13	3	7B	herbivory	mix	1.474646954	0.578525543	102.1987892	7.96389227	6.748579551	10.77151471	0.598133947	0.403570884	0.389346093	0.162827851	1.979988765	1.634358979	0.705821695	1.217473915	2.949892901	2.255724852	1.257549475	55.05149427	22.45813298	9.411337241	31.89953153	4.290012549	0.420735627	0.264268847	0.065487865	0.214581409	0.519140595	0.019490337	2.428971873	0.001020538	0.021230776	40.87843928
39	w13	3	7C	herbivory	mix	1.865413278	0.709028109	14.03031007	8.930221795	10.9707041	3.000606118	0.573448334	0.404938311	0.412099926	0.268311199	2.397993429	1.724056911	0.540013115	1.254854846	0.737206983	3.395936461	1.723864379	94.07462527	36.81148059	12.58997548	55.97724684	6.917906869	0.471950413	0.247156725	0.060391213	0.231714479	0.07568168	0.008834922	3.936055697	0.001092483	0.037146792	58.62694433
40	w13	3	7D	control	mix	1.23797477	2.263243337	12.99887566	4.967857254	5.849911863	1.731802975	1.080028679	0.471156684	0.733851045	0.185836334	1.371851145	1.824895184	0.907941611	1.452330876	0.947370248	2.062516021	0.800713136	43.84511959	21.02448704	7.377159428	30.56500481	2.709210055	0.263934667	0.484831944	0.03526587	0.202835933	0.071697102	0.006874952	1.580708079	0.000734666	0.022590233	15.42679354
41	w13	4	8B	control	mix	0.813871758	0.366418547	5.451306657	2.790786577	4.751338935	1.321009802	0.337937952	0.146350139	0.170630838	0.12756819	0.839709961	1.141408403	0.39949513	0.568553371	0.267131513	1.93007477	0.752351614	53.83402057	20.24672327	9.76977526	29.97437209	3.410263147	0.287857085	0.150337199	0.036712749	0.084658049	0.026647354	0.002464333	1.445496271	0.000691058	0.024677297	25.28570293
42	w13	4	8D	herbivory	mix	35.73486119	73.96959993	81.39797007	10.72042049	12.42607151	38.17706281	1.254389175	1.127408684	0.790691059	1.308005211	5.815968123	4.028352679	0.655010393	5.503160276	23.68247142	1.150454563	0.447410262	27.7022407	12.2932018	4.89331484	17.19397435	1.329457524	2.039900711	0.906950742	0.169290904	0.309374135	0.119465315	0.005200353	0.71446643	0.000406494	0.020801886	8.973062167
